350
1.76 1.71 1.03 1.00 1.00 1.00
7 9 21
34 18 74
76 78 225
99 179 366
21 38 77
83 152 295
86 110 281
66 33 140
35 64 128
48 91 168
24 43 88
59 37 144
34 27 87
43 2 84
84 114 248
65 11 124
71 11 126
64 0 121
65 89 216
45 67 150
30 42 87
24 32 78
67 118 221
90 139 313
34 15 74
94 83 233
81 79 210
69 71 185
90 152 300
38 72 132
85 78 240
37 56 128
35 69 135
4 8 14
47 86 169
13 5 27
55 8 116
8 0 12
24 47 87
47 24 106
19 30 65
46 7 79
18 0 30
59 74 164
70 46 176
31 7 59
51 39 139
72 18 161
59 92 195
82 33 166
99 81 246
16 4 30
45 57 131
36 23 83
100 79 246
81 114 260
66 5 129
19 11 42
17 2 28
5 0 9
64 100 201
13 21 43
36 52 115
11 2 20
99 54 248
100 153 306
6 3 14
80 160 309
45 72 148
73 12 137
75 114 234
6 3 12
99 194 391
9 18 35
8 10 24
15 30 57
80 12 147
81 87 237
79 8 131
5 4 13
89 37 187
3 1 6
37 74 145
21 39 70
62 60 156
51 76 162
63 11 135
10 8 24
21 9 46
71 133 264
69 42 145
72 42 185
10 18 35
61 90 200
51 82 173
94 34 179
30 7 65
86 163 297
24 40 87
77 59 212
25 7 48
29 51 102
17 1 32
98 195 390
45 38 110
97 40 188
89 70 208
85 67 227
61 62 158
18 33 61
54 29 125
19 25 54
21 16 53
2 1 4
86 139 299
97 101 262
71 130 260
84 49 213
11 8 26
91 135 278
69 47 171
92 32 179
77 20 144
86 15 178
87 92 229
64 49 171
63 44 161
52 60 157
79 37 178
94 133 312
26 25 68
73 63 207
70 108 246
35 66 121
46 4 83
70 67 183
17 25 51
86 47 208
14 27 53
22 0 37
82 114 257
79 70 203
28 27 77
16 18 46
64 97 193
35 54 117
96 140 290
90 38 194
33 62 115
4 4 10
16 15 39
52 59 158
59 93 185
45 24 113
41 0 64
91 78 251
1 1 2
70 26 159
45 17 91
35 54 106
75 11 132
50 36 124
89 167 343
40 77 137
49 82 174
90 113 268
52 33 114
68 88 199
77 117 268
35 25 89
23 32 74
70 122 257
56 72 162
7 13 25
94 120 294
48 60 145
64 107 216
18 17 52
70 114 232
19 34 70
17 14 42
30 36 94
100 131 325
73 6 143
2 4 7
82 142 283
86 123 261
83 76 219
65 57 174
17 15 43
36 45 112
42 28 103
52 11 110
35 48 105
20 11 47
48 61 138
44 62 142
45 53 140
30 18 74
70 29 158
52 33 133
95 64 239
63 111 207
90 108 263
72 134 270
67 124 256
48 8 97
53 21 109
22 17 54
29 23 68
86 170 324
42 53 130
28 19 63
81 160 302
13 18 42
35 4 71
8 3 16
90 90 234
45 86 159
71 2 122
1 0 1
67 51 178
83 12 155
59 76 172
20 20 59
22 18 51
68 87 217
55 68 160
39 13 74
47 59 143
85 94 223
83 29 181
13 10 34
60 85 190
84 156 291
44 61 146
65 54 176
2 1 4
18 10 43
86 32 180
62 24 121
89 2 173
85 58 193
62 89 207
17 22 53
59 42 156
34 20 71
67 37 147
43 18 85
81 75 235
14 22 46
42 58 129
63 100 202
27 50 101
91 2 152
63 82 205
55 66 160
60 78 196
10 4 22
16 14 42
37 4 69
6 8 17
92 178 326
14 9 30
64 13 135
27 15 57
12 17 40
76 132 282
83 96 231
20 6 36
19 13 48
96 148 322
98 54 247
51 18 119
21 19 56
9 15 30
25 2 43
93 83 252
77 116 264
30 15 61
91 39 220
12 15 37
98 111 262
89 132 307
57 20 123
42 13 90
60 57 157
41 43 113
56 56 146
38 55 124
40 14 89
85 68 207
96 6 155
73 63 180
30 41 92
72 127 264
51 71 158
57 19 126
79 60 199
91 159 321
20 39 71
69 39 169
45 43 120
22 29 70
69 29 133
40 36 114
25 6 48
7 6 19
16 2 29
53 88 178
8 15 28
68 106 236
50 47 123
41 26 101
29 26 76
45 17 96
37 6 79
10 15 31
36 13 68
48 22 114
1 2 3
6 3 14
58 0 87
88 64 215
88 36 192
87 126 293
84 110 256
30 21 67
53 9 101
71 130 255
48 84 163
23 39 84
84 138 294
45 61 138
3 3 7
27 48 101
32 61 123
92 1 157
100 70 255
8 11 23
32 52 115
95 112 267
88 135 306
57 104 196
28 16 66
34 63 119
32 22 72
73 100 243
10 8 23
36 14 84
