450
1.85 1.30 1.22 1.00 1.00 1.00
2 1 4
63 66 191
20 10 43
98 65 250
48 17 105
82 127 257
90 63 241
83 127 271
37 68 135
79 107 250
59 71 172
72 40 182
69 72 209
16 6 34
49 18 114
44 50 122
74 104 237
77 8 132
46 71 156
56 54 151
85 76 227
18 32 65
37 14 74
44 30 101
86 168 312
1 1 2
94 4 168
48 91 168
59 2 98
21 3 41
14 2 23
67 126 251
75 126 250
20 25 57
92 11 194
50 34 109
49 89 171
87 143 302
30 12 60
72 91 200
84 130 297
71 126 263
23 24 60
53 6 107
1 2 3
14 12 35
75 124 244
60 40 135
22 19 53
93 130 304
98 18 181
57 105 193
30 36 92
57 5 110
83 72 224
41 58 133
71 93 231
20 39 75
18 24 55
25 21 67
27 8 59
89 56 220
44 87 173
36 8 67
81 11 132
100 101 284
60 83 198
68 133 242
1 2 3
19 13 46
45 17 95
47 66 136
22 13 54
56 97 207
14 22 47
8 9 23
75 4 129
9 3 17
46 56 131
87 145 309
48 29 112
33 22 84
4 0 7
31 8 57
93 152 302
21 2 36
63 121 243
78 143 274
63 100 215
56 74 160
73 141 257
62 46 146
52 82 164
4 1 7
98 159 327
97 9 202
93 165 340
87 134 288
42 67 142
21 18 56
8 6 19
55 40 133
60 117 214
31 1 61
13 18 42
90 85 254
14 7 34
12 14 32
13 5 29
73 91 230
71 9 144
83 15 164
50 65 155
42 68 143
37 16 84
93 116 298
70 119 229
73 3 131
94 89 248
76 22 136
72 55 177
15 26 53
93 126 299
36 13 82
8 0 15
3 0 5
17 8 41
84 120 282
96 37 209
68 120 253
68 48 169
54 105 192
44 4 72
28 31 84
42 18 98
9 5 19
30 32 85
17 24 54
58 47 139
38 60 119
48 86 169
16 25 55
39 32 96
34 26 88
10 13 30
32 24 84
31 9 65
46 77 153
12 3 24
3 1 6
72 38 162
51 67 148
56 57 152
84 79 235
99 147 300
74 87 212
72 131 246
73 12 141
13 8 32
74 73 206
67 80 212
81 161 292
37 20 78
8 9 24
84 32 193
90 79 214
49 49 125
54 103 204
23 24 63
84 163 293
48 3 96
9 14 28
58 85 185
83 47 174
83 93 228
54 76 171
63 76 171
50 37 131
75 140 255
9 2 17
21 7 38
81 55 198
18 11 45
13 24 47
18 22 55
46 85 176
10 3 22
74 23 163
82 25 167
72 125 242
35 11 79
73 125 262
50 100 192
34 26 78
1 2 3
76 20 159
60 12 119
79 79 219
65 82 194
27 25 70
61 93 200
75 11 152
74 26 139
60 93 212
83 69 212
5 7 14
51 87 179
3 0 4
39 23 91
40 65 127
7 4 16
34 47 98
13 24 47
60 18 120
68 110 239
61 24 145
40 50 114
39 9 73
5 7 15
67 134 265
32 59 113
48 69 143
74 57 174
53 99 202
11 21 42
30 43 89
96 59 208
53 87 167
23 41 77
11 21 42
11 14 34
33 27 76
53 38 129
4 4 10
71 138 271
14 15 41
77 36 184
57 0 108
20 16 51
6 10 20
78 146 271
26 40 87
24 3 46
16 11 38
12 17 40
61 122 231
67 125 251
21 13 54
58 1 111
33 55 108
48 58 150
63 59 157
57 78 171
16 26 52
89 123 278
73 111 246
38 50 125
24 31 70
92 61 220
29 47 93
44 62 134
4 2 8
49 21 112
52 87 165
54 56 137
15 17 42
72 99 241
52 76 164
10 16 34
2 4 7
48 11 84
55 7 99
93 132 273
87 4 157
37 20 76
6 12 22
18 31 61
78 20 173
69 111 222
20 35 68
61 24 115
84 88 217
100 8 181
1 2 3
18 3 33
89 117 269
70 20 139
49 71 168
27 47 90
30 16 67
37 21 92
43 53 128
78 122 256
90 112 250
29 44 94
92 85 233
46 41 112
57 25 137
38 23 96
19 16 52
22 33 68
84 66 197
27 18 64
87 103 274
3 1 5
58 106 198
25 12 55
2 0 3
65 27 150
22 9 46
2 3 6
3 6 10
51 69 149
79 133 280
94 41 195
57 13 107
64 1 101
10 5 20
11 0 17
69 2 109
64 54 150
29 49 101
25 29 72
77 143 282
68 132 258
82 104 236
17 31 61
92 76 242
30 3 52
36 45 112
76 133 279
56 25 114
43 36 105
65 42 152
18 15 44
42 61 134
83 63 193
88 20 161
83 112 276
91 154 317
83 11 142
89 167 321
26 40 86
66 63 181
42 9 78
84 81 228
98 158 324
72 8 144
46 41 131
68 33 145
38 63 138
100 111 279
48 40 134
12 14 34
64 49 174
71 137 262
24 40 85
98 189 358
83 130 265
11 2 21
48 74 154
89 4 173
41 58 137
95 16 189
94 83 256
63 4 122
97 48 217
72 11 138
43 10 76
22 38 72
96 176 325
93 0 171
62 68 186
22 38 81
38 74 141
93 86 228
66 83 211
69 49 175
62 32 131
67 43 175
41 36 104
89 27 170
20 30 64
3 1 5
53 23 108
32 5 61
56 77 167
99 156 337
4 7 13
4 6 13
68 19 121
99 124 297
73 139 266
88 93 262
23 27 63
50 89 182
13 22 43
60 33 148
35 55 118
61 119 239
78 122 249
95 56 216
70 36 164
92 108 256
44 70 153
45 54 141
65 4 122
70 9 121
75 75 215
43 56 133
75 86 208
20 12 45
15 4 26
55 12 109
100 51 205
51 27 104
59 15 110
24 45 92
73 111 233
64 20 134
100 58 255
39 51 116
64 67 185
71 91 226
4 4 10
78 6 160
8 3 18
55 34 135
45 78 157
58 8 117
84 161 304
68 130 246
87 56 225
1 0 1
17 18 51
2 1 4
39 15 90
66 36 161
50 0 89
16 18 46
10 2 19
59 87 202
2 1 4
27 47 98
77 149 273
39 46 113
29 43 94
97 193 359
24 41 77
5 1 10
