250
1.11 1.49 1.71 1.00 1.00 1.00
44 16 88
26 49 92
50 97 172
31 17 65
73 141 258
52 103 193
98 132 302
2 3 6
63 125 239
93 118 303
17 9 34
49 86 177
37 43 112
47 61 153
11 9 26
16 16 43
88 176 342
28 31 82
37 32 95
60 42 156
56 49 134
94 19 193
17 4 35
25 29 71
91 52 195
17 9 39
69 62 188
59 57 145
36 15 69
26 12 60
66 73 194
69 31 158
56 44 153
17 16 49
99 89 273
69 66 189
44 20 98
10 8 25
37 0 72
100 127 293
45 50 134
24 32 74
94 13 164
28 5 60
83 0 158
74 127 263
100 159 343
17 11 41
48 82 164
7 2 13
39 74 143
51 19 106
85 147 275
20 21 58
33 47 98
44 9 75
75 86 208
57 60 165
61 104 203
56 76 160
75 92 216
19 33 66
75 4 135
27 3 47
7 8 20
31 21 70
87 57 187
64 117 213
4 4 10
10 3 18
34 46 107
62 23 119
19 4 36
37 61 133
33 6 67
85 113 278
81 3 164
40 21 88
77 129 278
14 25 47
35 68 131
30 32 88
40 23 90
48 42 116
44 66 139
32 51 101
33 27 85
44 53 125
73 6 142
69 28 131
71 136 245
30 36 95
30 48 99
61 66 172
73 5 128
37 35 101
44 69 149
47 46 129
16 20 51
15 27 51
19 36 68
56 26 132
59 44 151
96 170 342
100 137 297
98 41 198
100 23 207
16 16 46
79 100 237
14 25 49
35 25 93
86 57 223
67 6 116
70 90 204
76 124 262
84 36 196
92 55 204
20 25 56
98 162 344
76 63 203
30 23 71
97 92 264
96 178 343
55 11 100
89 176 343
32 49 109
3 2 7
29 11 64
58 86 180
78 14 159
2 3 6
100 93 291
21 7 47
33 9 62
80 54 195
88 154 288
34 66 128
90 39 174
96 44 198
76 78 198
8 5 20
25 50 91
24 0 37
28 30 80
20 2 39
96 189 333
19 28 60
46 32 115
63 2 122
5 4 12
35 29 85
17 19 47
46 40 121
30 0 45
87 23 168
18 31 64
17 25 52
29 5 56
11 21 39
55 107 192
20 4 38
65 43 165
75 77 204
35 37 104
31 36 87
44 46 112
34 65 126
100 38 199
84 131 278
37 50 122
7 12 24
73 91 219
62 2 124
94 47 232
10 1 18
63 84 194
68 69 185
62 74 188
21 17 56
44 49 131
30 56 106
4 4 11
61 119 219
26 33 83
36 33 93
75 5 122
4 1 7
72 129 271
33 41 95
22 28 66
13 17 37
26 44 89
65 46 172
17 20 52
69 6 125
32 61 120
57 7 105
72 41 159
74 2 146
60 65 164
17 16 48
88 160 315
20 25 64
30 24 79
99 171 327
58 84 182
21 2 37
98 14 168
95 14 178
74 78 198
98 133 316
99 174 371
74 107 245
76 85 232
100 59 236
64 20 144
30 14 66
74 113 246
36 59 130
29 23 76
56 98 204
87 79 221
62 40 155
66 111 226
7 13 24
69 120 228
56 81 173
38 47 104
59 56 164
26 1 46
94 175 336
85 74 227
26 7 55
100 106 277
80 94 235
67 81 187
10 17 34
77 131 255
34 46 104
9 8 23
37 12 82
77 50 191
87 23 189
11 11 27
45 71 149
70 15 137
20 24 61
88 8 152
79 36 180
25 6 49
