500
1.54 1.33 1.26 1.00 1.00 1.00
37 14 80
78 72 203
83 3 128
24 0 36
51 56 139
100 39 213
45 70 152
22 42 85
67 70 177
7 10 21
48 7 88
63 123 224
62 53 153
52 6 91
8 7 21
98 131 281
91 127 275
33 8 69
54 32 135
81 136 290
20 6 36
8 7 20
76 88 226
44 61 139
36 56 120
52 2 85
15 25 50
86 72 209
3 4 9
37 52 113
87 143 290
58 60 147
10 12 27
41 36 109
28 51 94
95 102 279
72 23 148
89 81 253
90 61 200
24 13 60
41 24 85
34 17 78
94 167 332
19 10 39
48 29 118
2 2 5
11 11 29
58 31 143
58 29 124
51 65 165
33 58 121
36 7 69
15 13 37
44 7 78
32 48 108
17 1 26
69 57 165
3 2 7
57 64 169
24 25 70
61 14 124
19 14 51
6 12 23
94 40 222
74 50 161
21 40 72
40 51 128
54 38 143
83 134 294
13 22 44
15 18 45
33 21 70
5 2 9
1 0 1
31 11 60
60 53 163
56 65 150
91 117 277
1 2 3
68 91 205
81 126 270
69 71 182
7 0 13
56 94 202
26 10 60
100 46 199
96 32 196
81 52 199
46 86 166
4 1 8
48 28 114
93 7 185
41 15 95
45 84 167
23 9 49
51 79 162
17 29 55
64 82 199
78 87 208
48 62 148
83 82 244
16 32 61
59 116 208
100 72 238
6 6 16
30 10 58
68 134 260
28 49 104
62 97 212
26 12 56
99 10 199
81 121 269
13 15 38
72 54 164
24 20 62
27 18 60
36 11 65
92 40 178
82 111 269
88 114 283
43 82 166
67 15 133
29 9 62
85 57 196
4 5 12
71 105 233
34 55 111
82 106 240
22 8 49
81 123 259
40 54 122
58 112 213
17 34 65
12 10 31
22 37 77
77 107 249
61 86 189
78 47 171
55 7 97
8 8 20
13 20 45
38 16 88
68 106 223
13 0 24
64 6 104
14 4 26
78 123 255
99 55 251
63 21 133
98 133 300
1 0 1
20 18 51
31 4 64
60 43 155
75 132 259
20 21 52
83 157 286
48 45 138
84 129 282
69 60 173
40 14 90
38 68 135
76 123 259
30 17 76
5 1 10
23 5 42
46 16 92
50 4 96
2 4 7
89 83 229
93 47 221
72 133 273
29 19 74
94 142 304
51 8 107
70 11 138
95 96 275
46 7 80
13 26 47
66 132 244
55 32 136
64 85 205
5 9 16
60 31 121
37 40 105
98 15 167
67 48 160
73 128 266
50 70 163
70 45 173
27 39 92
39 40 103
26 17 61
92 167 347
21 39 70
84 165 325
3 3 8
93 150 312
30 23 75
73 101 228
96 133 281
69 31 136
86 143 290
13 23 48
85 124 265
76 3 152
75 71 207
22 24 58
7 4 15
68 126 252
7 9 20
46 45 126
97 146 298
36 46 112
60 95 207
6 4 13
82 127 271
82 12 152
88 121 266
85 31 176
57 59 162
77 74 222
89 7 182
75 143 281
38 8 78
85 2 163
45 20 93
53 100 194
49 43 128
3 0 5
9 11 24
39 77 136
47 18 90
11 16 37
83 57 183
25 19 58
12 20 39
99 144 311
99 3 194
5 0 8
51 16 117
66 127 249
80 138 280
79 83 208
76 123 251
97 143 299
21 21 56
100 189 383
40 18 97
27 43 96
32 28 77
99 196 360
20 4 42
53 2 81
4 7 14
31 12 67
47 24 117
23 10 52
41 55 118
69 35 169
87 163 306
88 40 189
13 2 23
78 94 218
24 12 59
79 42 194
80 142 285
39 38 102
65 0 119
93 68 240
100 155 334
89 115 265
37 24 80
16 14 39
24 48 91
94 62 240
33 34 83
89 3 173
9 9 25
12 8 27
47 27 109
38 16 80
2 2 5
31 23 78
32 13 76
59 72 169
17 0 27
23 30 73
63 34 140
43 78 151
51 32 132
77 154 280
34 0 66
73 104 221
18 18 50
88 147 294
75 141 287
33 38 103
11 9 29
99 15 177
62 47 148
100 104 277
16 2 31
25 7 56
3 4 8
14 1 28
93 22 184
36 45 109
10 12 27
80 89 239
88 19 170
31 11 63
98 136 330
16 18 49
36 19 77
50 28 125
25 39 81
55 95 194
15 5 28
60 32 127
81 96 230
60 24 114
27 25 73
7 7 20
58 13 111
63 30 141
23 46 87
29 38 86
7 5 17
58 6 119
27 22 69
88 55 207
90 133 276
35 43 106
27 48 96
6 5 16
67 99 228
78 99 233
28 35 80
98 8 200
92 4 177
54 102 188
1 2 3
76 71 213
36 7 68
29 57 102
66 73 185
54 69 158
22 39 78
18 14 44
19 15 45
48 50 143
76 5 145
24 30 74
23 27 67
59 22 127
57 12 101
53 30 129
94 69 252
33 1 58
96 101 268
40 3 78
100 97 271
38 19 94
96 59 243
52 24 106
68 107 226
78 24 143
19 30 63
8 6 21
11 2 22
64 86 210
7 10 21
31 18 72
5 1 8
13 13 36
12 10 31
24 41 84
46 58 131
46 31 120
30 5 53
69 128 237
29 41 94
56 12 114
31 40 92
78 119 236
36 51 120
58 7 117
60 19 118
36 46 105
19 24 55
55 85 171
29 44 98
64 73 170
96 82 237
40 5 74
33 14 71
42 28 91
10 10 25
64 36 154
75 26 160
26 43 91
67 35 164
44 0 87
91 49 221
88 163 313
28 33 78
33 11 76
42 55 120
87 50 219
81 78 218
40 2 81
72 43 184
28 20 68
19 1 34
98 140 319
16 6 32
14 21 43
36 0 55
22 32 74
86 26 192
94 57 211
5 1 10
57 109 197
81 14 164
61 60 180
19 14 47
22 26 67
13 8 28
92 77 247
29 42 91
67 132 240
13 7 31
94 83 270
8 1 14
57 5 115
26 22 65
27 34 77
68 76 191
9 3 16
12 10 31
19 22 59
46 61 141
44 61 127
60 93 204
42 33 112
6 12 23
31 49 98
19 33 65
32 50 104
15 7 30
30 56 112
6 0 10
45 53 124
12 0 22
46 22 108
92 37 217
57 68 159
78 120 255
4 8 15
85 160 322
90 21 200
71 124 260
6 4 14
33 54 117
73 51 175
97 180 347
58 38 153
66 68 184
36 61 123
82 124 276
81 85 208
40 34 99
16 17 47
97 110 298
60 49 142
43 86 167
76 25 176
7 14 25
10 13 29
53 37 119
31 40 88
92 27 184
48 95 176
89 32 179
81 108 257
8 1 14
4 3 10
62 84 185
30 22 72
23 30 68
1 0 1
6 11 22
26 1 43
64 90 207
74 83 223
59 63 166
5 3 11
95 53 217
36 32 101
