300
1.02 1.08 1.12 1.00 1.00 1.00
12 15 38
94 169 346
86 9 165
80 137 292
26 36 84
10 18 33
37 26 82
92 51 228
59 19 125
7 0 11
92 62 205
46 88 175
100 146 300
49 58 140
20 15 48
98 81 254
59 45 145
83 69 211
60 71 170
57 110 220
100 96 254
93 137 297
90 21 158
97 173 353
86 45 196
3 1 6
39 70 128
22 37 77
79 94 214
64 54 181
97 23 175
64 7 103
31 23 74
44 30 101
36 69 124
16 19 50
6 3 12
54 44 140
31 58 115
23 45 88
8 3 16
14 1 28
35 28 80
36 26 95
43 29 109
48 12 100
44 5 87
39 1 64
90 175 342
82 18 149
90 147 324
73 110 252
24 47 88
9 1 15
70 94 204
53 86 187
76 78 212
16 16 40
81 33 156
47 38 125
9 10 23
31 34 92
76 92 209
29 18 65
29 47 96
50 9 95
87 156 300
34 50 103
43 76 159
7 8 21
59 93 204
70 5 144
33 13 66
35 14 71
32 43 92
24 33 80
8 9 21
94 160 304
23 41 82
68 7 120
29 51 95
75 117 260
17 31 61
82 105 266
20 3 38
84 73 228
62 109 207
68 10 139
83 38 198
55 57 141
76 105 251
47 62 141
8 0 12
18 24 57
61 77 198
5 4 13
5 5 13
12 20 42
74 134 269
16 7 36
87 73 241
51 92 188
83 24 162
29 35 80
65 106 216
22 6 49
96 117 303
5 7 16
8 14 29
20 32 65
29 38 82
5 4 12
1 2 3
27 39 89
90 85 247
8 2 14
83 28 156
36 71 139
73 146 273
7 0 10
84 163 315
73 108 233
39 63 128
27 37 88
82 154 312
96 37 185
15 22 45
59 52 147
79 61 180
71 75 184
16 32 58
88 74 224
31 29 90
84 102 250
19 8 44
72 109 250
85 35 194
17 14 43
37 43 100
75 88 222
22 11 52
92 34 181
2 2 5
47 45 124
34 31 93
2 4 7
9 6 22
10 13 28
71 49 163
17 20 45
58 109 214
67 68 186
99 2 199
63 46 165
24 31 73
98 88 273
47 55 129
28 9 60
29 36 83
42 9 75
80 10 151
80 105 259
82 34 157
27 52 103
97 90 269
40 2 80
35 41 103
10 18 33
63 80 187
34 47 102
85 44 193
25 47 87
15 19 48
1 0 1
84 29 193
62 44 154
91 122 280
28 7 56
6 2 11
74 18 146
2 0 3
85 99 252
39 18 86
5 9 17
13 18 41
68 91 196
46 69 141
57 68 166
94 107 284
54 37 131
8 4 18
10 9 24
30 47 105
40 12 86
31 9 60
97 183 339
2 1 4
94 14 195
7 12 25
48 66 138
5 1 10
93 91 239
51 51 128
54 45 137
87 23 183
29 26 74
57 66 167
31 0 50
5 7 16
74 10 131
89 170 339
9 9 25
94 99 275
33 21 86
33 45 95
43 14 85
28 3 58
99 2 162
94 93 252
27 28 71
78 67 187
89 77 219
62 71 186
45 84 153
77 99 235
10 20 35
25 14 56
58 25 131
30 5 58
29 35 82
38 71 132
52 6 88
87 3 153
50 40 135
22 41 74
72 30 162
25 19 62
84 25 177
56 37 148
27 30 79
22 9 48
55 30 122
98 175 354
24 9 54
58 35 124
1 0 1
94 38 195
64 3 99
70 30 161
37 53 121
57 96 201
49 24 103
68 99 222
73 73 203
91 83 238
17 3 31
32 35 85
5 9 16
68 16 147
78 60 204
66 99 224
93 3 173
34 49 112
51 92 184
54 108 206
99 76 242
13 20 43
77 93 219
8 4 19
18 16 46
56 109 220
88 142 299
91 57 216
88 158 311
30 50 100
35 23 78
73 142 251
88 167 315
52 6 100
18 10 45
53 68 157
85 94 254
64 6 115
96 18 203
31 61 119
22 32 68
4 4 11
54 22 112
57 62 164
42 84 151
86 33 176
50 77 154
48 25 100
48 70 161
81 106 254
84 168 316
39 49 114
63 82 189
76 53 174
68 80 194
