50
1.09 1.98 1.19 1.00 1.00 1.00
21 28 67
15 25 52
42 38 111
27 46 88
56 38 126
75 96 224
63 122 238
83 104 231
26 21 71
17 12 45
9 6 21
87 138 307
91 176 333
60 20 122
65 22 128
31 24 82
66 114 237
80 33 162
29 26 83
33 43 106
48 20 93
40 72 139
69 45 160
28 8 50
3 5 9
69 15 130
23 13 58
1 1 2
3 4 9
10 18 36
63 29 127
29 14 71
35 48 107
25 41 84
33 37 102
24 42 79
50 74 171
72 124 251
69 56 182
33 44 108
59 1 89
57 12 125
84 107 269
81 56 206
20 7 43
42 35 110
83 87 230
55 73 160
45 14 82
76 36 167
