200
1.91 1.40 1.93 1.00 1.00 1.00
26 44 94
70 69 178
89 171 343
78 32 179
96 20 179
85 80 236
99 64 217
75 110 232
97 48 204
22 33 75
17 25 58
51 30 119
83 127 265
93 120 293
56 36 126
13 0 25
69 83 213
43 42 114
81 109 267
61 100 217
31 20 74
36 27 88
15 10 39
11 3 22
67 91 195
73 22 140
48 88 173
13 14 37
41 34 109
31 3 61
77 88 205
74 38 159
78 77 227
99 197 365
32 45 100
75 49 191
92 90 232
31 20 66
63 112 217
74 61 190
71 68 196
55 39 127
80 84 215
20 38 72
18 16 48
72 54 178
87 74 223
47 27 103
57 90 184
31 5 57
47 89 181
75 50 170
12 24 42
15 6 35
97 33 189
2 0 3
23 37 71
12 4 25
82 95 255
12 20 41
84 68 230
65 23 145
53 79 166
50 10 92
94 30 215
99 113 266
7 2 13
70 22 145
85 163 291
86 134 286
69 107 221
70 16 131
8 7 22
53 103 195
60 51 161
41 2 69
99 177 327
83 154 297
58 102 211
15 7 33
40 65 138
82 159 284
15 4 28
38 49 118
46 89 175
98 38 189
14 3 29
98 67 250
65 23 152
4 4 10
43 30 96
91 74 246
93 156 305
93 23 165
34 59 124
8 14 28
7 3 16
31 29 77
74 143 286
15 11 37
73 5 127
51 84 171
37 54 115
14 2 27
93 137 298
68 80 203
100 19 211
24 35 72
9 0 16
74 31 160
67 120 244
25 34 75
64 106 232
80 102 230
91 133 272
65 71 194
90 153 332
33 44 102
94 90 253
36 25 81
43 12 81
85 53 183
4 7 14
56 82 179
24 7 47
5 1 9
58 60 150
52 6 102
38 36 94
61 25 141
60 31 125
55 25 119
76 94 220
55 33 123
53 106 192
22 13 49
71 1 130
64 22 120
46 12 103
94 57 205
97 180 347
37 3 64
23 31 75
88 125 286
63 20 131
37 27 97
80 44 198
11 8 29
34 4 70
16 15 42
69 39 147
23 27 67
89 141 303
92 42 197
89 28 187
53 69 161
37 61 130
22 1 38
72 63 182
12 23 42
92 166 314
75 66 196
77 19 162
31 60 120
60 21 121
90 106 278
97 193 362
8 5 18
37 74 131
39 73 149
80 24 149
37 60 126
78 136 273
55 70 169
28 36 79
96 178 358
93 97 281
12 9 27
52 41 119
91 132 289
21 1 32
60 77 172
39 1 65
14 25 50
53 67 154
4 3 10
38 40 98
25 6 44
74 61 193
81 64 214
95 69 218
87 139 308
88 119 269
1 0 1
53 62 144
66 95 220
98 184 366
37 27 95
22 34 72
68 57 159
