100
1.07 1.23 1.26 1.00 1.00 1.00
92 97 269
31 39 89
73 27 160
11 16 34
97 57 228
52 40 135
59 90 198
77 100 226
37 48 109
45 75 156
27 37 79
91 117 296
71 76 215
45 13 89
48 17 92
97 134 287
27 52 96
31 56 111
97 80 270
5 7 15
18 12 41
34 30 96
61 119 222
28 44 94
6 5 16
55 56 148
39 66 132
86 161 306
91 54 210
36 8 74
94 51 238
28 32 76
39 21 93
60 82 192
42 63 129
99 178 329
50 35 132
77 2 119
67 50 181
40 62 139
26 50 101
97 103 289
59 67 182
36 12 75
86 39 183
37 37 97
58 113 224
99 83 237
99 41 226
60 24 133
6 9 18
95 188 347
38 42 99
1 1 2
23 7 46
37 32 103
5 9 18
38 33 105
2 1 4
16 12 40
83 30 158
61 44 142
9 18 35
70 132 240
20 9 41
52 0 94
30 52 97
18 5 32
50 10 108
25 4 51
82 3 128
52 90 184
93 94 260
58 74 163
91 89 247
58 36 137
75 139 257
54 15 100
51 15 116
32 32 84
73 24 164
41 76 154
26 49 89
14 13 39
67 46 179
99 102 288
3 0 5
66 1 100
22 27 64
14 18 44
16 30 59
69 31 135
24 14 60
99 53 213
89 101 244
24 29 73
93 39 215
75 119 235
80 141 281
66 24 130
