400
1.34 1.94 1.13 1.00 1.00 1.00
85 18 178
2 1 4
68 113 228
24 3 43
90 67 214
30 53 98
72 131 273
60 54 155
46 61 141
25 9 53
40 57 123
21 18 58
79 61 184
17 34 60
71 75 189
32 37 97
65 20 143
40 54 126
56 110 213
50 90 165
25 23 61
8 6 20
17 16 47
61 79 184
80 36 161
17 33 66
48 53 144
59 8 125
6 5 16
19 15 50
100 32 197
62 20 132
71 76 216
39 21 94
67 43 154
85 71 208
98 184 361
11 14 31
44 62 143
21 1 33
22 10 52
42 5 80
50 12 90
56 73 181
43 30 112
28 40 95
8 11 25
32 5 54
4 7 13
51 69 157
20 38 72
26 28 75
98 120 295
30 14 64
100 43 206
2 0 3
22 5 48
94 173 355
79 49 197
2 2 5
49 78 175
54 73 179
73 132 247
82 84 228
79 100 253
2 3 6
64 73 197
3 3 8
69 128 264
12 10 29
18 20 48
40 48 118
58 107 211
17 3 33
11 21 38
24 48 89
8 4 17
52 9 106
51 33 129
78 57 178
74 25 139
87 99 271
53 99 180
59 62 179
81 43 183
51 20 108
54 25 114
74 81 217
35 20 79
23 33 68
69 134 262
91 89 254
23 10 52
71 24 160
28 6 49
91 144 309
97 159 308
92 121 276
36 15 73
76 77 202
39 53 112
52 97 179
14 21 44
9 2 17
93 52 216
53 12 111
72 130 272
5 9 16
96 131 306
39 14 78
28 11 63
90 103 267
48 15 109
94 81 230
77 53 183
74 16 130
74 103 223
48 41 130
5 10 18
52 71 153
25 0 41
40 68 130
34 23 79
89 11 155
93 130 287
66 62 168
1 0 1
96 65 220
68 136 249
16 16 47
50 93 177
17 12 38
95 14 193
54 64 145
9 9 24
58 58 164
17 32 60
30 58 104
62 78 183
2 4 7
6 9 18
80 105 234
95 111 287
47 28 116
43 24 109
88 92 246
87 19 157
65 20 137
93 53 214
32 48 100
3 1 5
74 2 117
95 184 347
65 79 207
31 15 76
54 52 146
84 137 281
80 155 308
18 24 52
45 33 117
42 18 91
75 110 242
80 90 220
21 26 66
69 7 121
83 41 168
19 8 42
94 70 252
87 113 245
91 176 327
45 84 162
9 15 31
5 3 10
46 92 166
66 2 117
37 23 92
19 5 36
76 46 180
19 34 65
80 136 273
45 19 86
83 163 302
67 29 147
45 58 125
60 39 153
82 84 226
48 68 155
62 64 175
89 16 156
24 19 66
97 191 373
72 93 221
19 24 57
23 20 59
58 5 117
4 4 11
75 76 193
37 32 93
98 88 282
44 11 88
13 6 31
88 64 214
48 14 104
3 1 5
5 1 10
95 99 282
1 0 1
49 48 129
56 27 134
33 42 91
52 104 186
3 4 9
88 43 206
81 77 207
29 7 51
39 2 77
60 12 117
40 17 96
86 160 330
73 32 164
5 0 8
75 12 156
3 2 6
36 65 125
42 14 78
55 63 171
59 26 128
69 111 242
93 91 267
65 27 147
2 3 6
66 9 139
69 99 205
53 66 161
74 125 258
65 33 158
8 3 15
34 10 70
88 23 181
14 11 35
100 22 172
97 108 299
29 34 83
2 1 4
85 6 141
77 2 148
88 63 195
27 38 86
96 192 365
37 56 115
99 173 363
25 20 68
97 137 330
79 58 205
21 26 59
16 5 35
40 25 85
50 68 166
51 56 153
49 23 120
17 6 36
34 24 89
70 84 201
11 10 30
56 111 211
61 89 191
31 15 63
34 60 122
17 3 32
4 4 11
34 55 114
62 1 111
34 55 115
81 36 188
57 98 186
82 145 301
20 38 77
14 8 32
95 90 272
93 58 238
50 32 109
43 54 118
91 146 324
1 2 3
65 23 134
85 104 266
44 45 120
37 69 141
32 55 109
89 112 250
64 113 240
62 5 127
18 0 27
79 110 235
62 62 159
32 62 117
1 2 3
75 4 117
74 121 256
88 60 200
71 9 140
26 45 90
30 51 108
83 97 257
98 83 268
79 1 122
83 85 230
70 123 242
63 7 108
85 51 208
95 131 301
41 3 82
98 144 322
100 56 248
48 51 143
90 24 203
44 22 88
14 26 48
77 145 287
54 53 158
96 33 190
24 38 76
95 168 349
12 19 41
49 2 79
68 68 178
9 17 34
73 46 169
13 3 23
24 4 40
79 25 182
70 95 229
35 47 112
62 73 191
72 22 135
62 37 140
24 20 64
55 46 137
52 76 172
77 149 286
32 50 113
78 77 212
67 124 252
70 128 259
33 66 126
97 100 271
39 29 104
63 42 155
93 121 300
96 174 358
49 53 129
72 87 217
38 5 73
6 12 21
68 25 135
5 3 10
83 105 253
97 77 229
74 127 253
98 190 344
32 26 86
17 31 59
4 6 12
56 84 171
97 129 295
90 69 217
66 126 232
78 90 233
87 13 167
93 74 228
73 142 260
83 80 204
96 144 321
27 3 50
76 107 229
45 1 73
53 4 91
50 54 134
80 15 149
78 109 250
22 17 57
64 32 148
71 24 158
91 95 243
91 91 233
88 42 207
40 2 65
58 6 100
14 16 38
88 98 251
34 60 120
66 41 163
5 0 8
37 7 71
24 23 68
31 16 76
5 6 14
74 15 128
75 19 143
90 95 255
