150
1.18 1.47 1.40 1.00 1.00 1.00
98 167 352
81 19 154
71 137 263
87 145 284
19 28 58
17 24 50
77 101 218
81 152 310
80 155 293
26 45 89
26 5 44
24 42 89
35 42 111
10 5 20
79 64 197
14 24 49
11 0 18
94 48 191
78 152 292
50 97 185
79 44 199
77 5 151
78 3 126
93 48 189
90 35 208
86 154 295
95 54 236
46 17 107
47 47 139
34 35 87
95 33 180
3 5 9
35 57 119
25 9 50
72 73 197
100 7 175
24 0 45
58 91 183
57 24 133
28 9 58
77 109 249
62 98 214
54 60 154
39 55 119
97 99 275
23 24 63
56 91 184
12 0 20
70 138 271
57 53 160
55 52 138
52 63 163
17 31 58
32 44 100
7 0 11
12 4 26
100 46 223
82 125 285
75 76 215
43 79 156
10 14 29
22 26 61
13 11 31
25 19 64
78 125 259
59 37 147
97 149 324
29 47 95
80 96 221
65 91 215
55 66 148
29 4 48
92 67 226
7 14 24
59 19 109
54 3 90
22 26 63
48 25 111
63 87 207
36 68 125
50 46 123
77 141 273
35 22 84
39 74 142
91 160 337
37 66 123
48 95 188
65 21 132
68 65 189
69 59 187
64 82 208
83 49 197
50 80 163
71 10 125
80 6 151
99 129 281
39 35 106
97 75 236
44 46 126
37 4 67
86 111 246
88 77 229
24 36 73
14 2 28
10 5 21
69 89 215
81 137 283
91 145 313
14 13 39
71 39 180
76 114 241
89 157 318
18 15 50
84 105 260
73 47 164
54 23 127
13 22 47
21 34 67
52 80 162
18 3 35
77 38 161
49 69 163
31 28 83
15 28 51
36 6 66
17 32 57
65 31 144
81 27 176
64 109 236
74 123 243
92 180 354
57 61 156
30 50 102
79 131 259
85 137 269
5 7 15
55 49 151
67 42 143
94 47 234
56 22 110
27 5 56
14 19 44
74 105 223
78 11 165
30 26 77
28 11 60
84 157 294
96 60 250
73 115 239
33 20 82
